512 1024 3085 8
1 55 
1 173 
1 353 
1 412 
1 605 
1 773 
2 132 
2 280 
2 778 
2 870 
2 920 
2 931 
3 26 
3 140 
3 293 
3 355 
3 717 
3 731 
4 33 
4 239 
4 411 
4 737 
4 791 
4 893 
5 73 
5 149 
5 194 
5 270 
5 528 
5 529 
6 73 
6 264 
6 342 
6 350 
6 702 
6 831 
6 987 
7 29 
7 329 
7 368 
7 707 
7 832 
7 1012 
8 7 
8 169 
8 317 
8 388 
8 735 
8 872 
9 223 
9 411 
9 551 
9 604 
9 658 
9 963 
10 107 
10 590 
10 743 
10 775 
10 865 
10 895 
11 38 
11 59 
11 62 
11 529 
11 778 
11 862 
12 326 
12 435 
12 487 
12 671 
12 940 
12 978 
13 60 
13 303 
13 370 
13 456 
13 755 
13 941 
14 49 
14 100 
14 575 
14 628 
14 815 
14 997 
15 26 
15 364 
15 439 
15 486 
15 764 
15 765 
16 194 
16 272 
16 311 
16 465 
16 545 
16 556 
17 198 
17 485 
17 497 
17 750 
17 754 
17 907 
18 447 
18 709 
18 773 
18 853 
18 869 
18 932 
19 95 
19 150 
19 502 
19 564 
19 744 
19 765 
20 5 
20 114 
20 208 
20 381 
20 561 
20 613 
21 17 
21 225 
21 275 
21 354 
21 664 
21 715 
22 283 
22 602 
22 679 
22 747 
22 775 
22 916 
23 33 
23 62 
23 272 
23 638 
23 697 
23 736 
24 75 
24 99 
24 128 
24 724 
24 848 
24 869 
25 51 
25 180 
25 302 
25 514 
25 763 
25 846 
26 69 
26 171 
26 223 
26 352 
26 572 
26 861 
27 419 
27 646 
27 777 
27 820 
27 834 
27 924 
28 79 
28 147 
28 414 
28 567 
28 574 
28 790 
29 67 
29 267 
29 627 
29 910 
29 916 
29 962 
30 466 
30 535 
30 631 
30 637 
30 781 
30 894 
31 216 
31 708 
31 745 
31 824 
31 923 
31 945 
32 275 
32 331 
32 626 
32 851 
32 858 
32 1003 
33 95 
33 169 
33 205 
33 413 
33 428 
33 652 
33 712 
34 143 
34 314 
34 341 
34 569 
34 873 
34 965 
35 176 
35 203 
35 337 
35 701 
35 785 
35 845 
36 175 
36 215 
36 304 
36 575 
36 641 
36 749 
37 21 
37 81 
37 267 
37 456 
37 704 
37 1005 
38 15 
38 389 
38 523 
38 692 
38 725 
38 887 
39 160 
39 183 
39 333 
39 452 
39 453 
39 937 
40 503 
40 581 
40 625 
40 707 
40 902 
40 1024 
41 462 
41 643 
41 789 
41 947 
41 952 
41 1023 
42 101 
42 393 
42 556 
42 557 
42 951 
42 965 
43 375 
43 398 
43 474 
43 585 
43 719 
43 795 
44 63 
44 333 
44 376 
44 608 
44 875 
44 918 
45 19 
45 519 
45 563 
45 644 
45 738 
45 857 
45 908 
46 688 
46 702 
46 827 
46 930 
46 989 
46 1003 
47 2 
47 191 
47 301 
47 464 
47 494 
47 710 
48 296 
48 320 
48 606 
48 900 
48 905 
48 1006 
49 179 
49 436 
49 464 
49 688 
49 749 
49 942 
50 322 
50 524 
50 548 
50 705 
50 842 
50 912 
51 74 
51 196 
51 221 
51 252 
51 539 
51 796 
51 862 
52 121 
52 234 
52 429 
52 514 
52 568 
52 985 
53 18 
53 35 
53 200 
53 280 
53 459 
53 566 
54 6 
54 323 
54 639 
54 722 
54 861 
54 895 
55 56 
55 226 
55 253 
55 372 
55 376 
55 438 
56 411 
56 611 
56 666 
56 860 
56 911 
56 1005 
57 172 
57 185 
57 224 
57 501 
57 530 
57 593 
58 142 
58 306 
58 357 
58 847 
58 919 
58 1021 
59 91 
59 112 
59 222 
59 681 
59 740 
59 886 
60 34 
60 170 
60 285 
60 444 
60 485 
60 922 
61 9 
61 136 
61 150 
61 282 
61 723 
61 898 
62 92 
62 158 
62 552 
62 711 
62 870 
62 883 
63 304 
63 363 
63 420 
63 475 
63 558 
63 704 
64 95 
64 388 
64 409 
64 506 
64 637 
64 937 
65 133 
65 227 
65 474 
65 515 
65 675 
65 746 
66 124 
66 242 
66 286 
66 325 
66 794 
66 890 
67 225 
67 307 
67 585 
67 593 
67 639 
67 821 
68 178 
68 227 
68 320 
68 443 
68 456 
68 543 
69 10 
69 319 
69 356 
69 425 
69 698 
69 849 
70 144 
70 229 
70 386 
70 504 
70 813 
70 844 
71 101 
71 258 
71 352 
71 446 
71 721 
71 727 
72 32 
72 110 
72 144 
72 241 
72 560 
72 809 
73 37 
73 568 
73 638 
73 645 
73 673 
73 734 
74 199 
74 245 
74 391 
74 740 
74 817 
74 883 
75 328 
75 466 
75 548 
75 670 
75 805 
75 931 
76 345 
76 624 
76 635 
76 781 
76 806 
76 940 
77 70 
77 340 
77 495 
77 552 
77 645 
77 826 
78 1 
78 66 
78 224 
78 771 
78 815 
78 1016 
79 192 
79 554 
79 680 
79 687 
79 690 
79 1016 
80 18 
80 457 
80 458 
80 472 
80 713 
80 984 
81 190 
81 232 
81 316 
81 440 
81 621 
81 676 
82 15 
82 51 
82 281 
82 835 
82 932 
82 934 
83 273 
83 288 
83 710 
83 823 
83 879 
83 940 
84 32 
84 59 
84 82 
84 84 
84 673 
84 1000 
85 7 
85 46 
85 476 
85 826 
85 926 
85 929 
86 478 
86 662 
86 668 
86 683 
86 840 
86 973 
87 31 
87 123 
87 269 
87 489 
87 624 
87 885 
88 293 
88 450 
88 526 
88 565 
88 642 
88 694 
89 155 
89 332 
89 356 
89 382 
89 757 
89 841 
90 276 
90 562 
90 781 
90 797 
90 826 
90 875 
91 53 
91 370 
91 423 
91 445 
91 610 
91 799 
92 126 
92 222 
92 392 
92 577 
92 807 
92 992 
93 152 
93 250 
93 288 
93 496 
93 516 
93 644 
94 69 
94 264 
94 324 
94 338 
94 532 
94 895 
95 60 
95 67 
95 179 
95 300 
95 413 
95 923 
96 30 
96 129 
96 507 
96 655 
96 747 
96 807 
97 137 
97 407 
97 655 
97 737 
97 810 
97 908 
98 190 
98 193 
98 351 
98 507 
98 614 
98 711 
99 48 
99 256 
99 310 
99 349 
99 651 
99 989 
100 57 
100 347 
100 818 
100 831 
100 911 
100 995 
101 27 
101 262 
101 437 
101 570 
101 750 
101 878 
102 96 
102 662 
102 757 
102 797 
102 897 
102 906 
103 172 
103 420 
103 484 
103 493 
103 814 
103 944 
104 50 
104 496 
104 505 
104 751 
104 884 
104 888 
105 80 
105 187 
105 334 
105 429 
105 700 
105 736 
106 319 
106 361 
106 621 
106 798 
106 859 
106 983 
107 105 
107 248 
107 292 
107 707 
107 921 
107 933 
108 409 
108 484 
108 659 
108 763 
108 989 
108 996 
109 641 
109 718 
109 751 
109 816 
109 929 
109 966 
110 120 
110 177 
110 553 
110 568 
110 636 
110 847 
111 162 
111 284 
111 364 
111 444 
111 470 
111 487 
112 22 
112 41 
112 251 
112 566 
112 805 
112 873 
113 171 
113 421 
113 500 
113 696 
113 726 
113 979 
114 307 
114 555 
114 691 
114 856 
114 859 
114 862 
115 80 
115 120 
115 257 
115 361 
115 467 
115 592 
116 607 
116 817 
116 821 
116 889 
116 1008 
116 1010 
117 205 
117 265 
117 406 
117 487 
117 918 
117 955 
118 434 
118 482 
118 573 
118 713 
118 808 
118 885 
119 30 
119 92 
119 524 
119 670 
119 703 
119 935 
120 101 
120 134 
120 256 
120 380 
120 934 
120 1009 
121 262 
121 376 
121 492 
121 615 
121 842 
121 961 
122 12 
122 57 
122 291 
122 397 
122 468 
122 629 
123 65 
123 140 
123 253 
123 430 
123 822 
123 935 
124 119 
124 130 
124 181 
124 347 
124 384 
124 480 
125 4 
125 83 
125 590 
125 784 
125 987 
125 990 
126 201 
126 350 
126 358 
126 462 
126 540 
126 631 
126 783 
127 96 
127 192 
127 607 
127 845 
127 970 
127 986 
128 35 
128 47 
128 274 
128 630 
128 730 
128 954 
129 129 
129 237 
129 265 
129 525 
129 949 
129 1022 
130 54 
130 263 
130 334 
130 364 
130 520 
130 955 
131 62 
131 73 
131 226 
131 488 
131 507 
131 752 
132 457 
132 481 
132 701 
132 748 
132 946 
132 963 
133 148 
133 287 
133 583 
133 588 
133 708 
133 958 
134 39 
134 88 
134 201 
134 277 
134 518 
134 709 
135 47 
135 586 
135 636 
135 656 
135 769 
135 887 
136 165 
136 628 
136 648 
136 704 
136 717 
136 820 
137 213 
137 298 
137 412 
137 550 
137 777 
137 979 
138 60 
138 104 
138 309 
138 383 
138 554 
138 1019 
139 150 
139 180 
139 225 
139 312 
139 416 
139 772 
140 39 
140 224 
140 335 
140 408 
140 693 
140 696 
140 756 
140 779 
141 40 
141 174 
141 210 
141 730 
141 732 
141 1014 
142 319 
142 373 
142 399 
142 454 
142 596 
142 673 
143 245 
143 373 
143 398 
143 463 
143 904 
143 926 
144 175 
144 302 
144 332 
144 349 
144 669 
144 754 
145 11 
145 130 
145 687 
145 831 
145 893 
145 946 
146 245 
146 441 
146 592 
146 646 
146 846 
146 970 
147 496 
147 829 
147 875 
147 886 
147 889 
147 981 
148 169 
148 208 
148 298 
148 533 
148 994 
148 1008 
149 260 
149 335 
149 435 
149 706 
149 925 
149 1018 
150 89 
150 408 
150 747 
150 763 
150 915 
150 976 
151 255 
151 435 
151 681 
151 767 
151 876 
151 987 
151 1017 
152 197 
152 236 
152 343 
152 574 
152 595 
152 1017 
153 110 
153 117 
153 576 
153 669 
153 926 
153 1020 
154 86 
154 294 
154 298 
154 404 
154 551 
154 577 
155 493 
155 526 
155 912 
155 927 
155 959 
155 1000 
156 501 
156 709 
156 797 
156 827 
156 954 
156 958 
157 120 
157 141 
157 362 
157 422 
157 637 
157 956 
158 21 
158 377 
158 653 
158 756 
158 810 
158 813 
158 865 
159 46 
159 240 
159 278 
159 692 
159 702 
159 871 
160 238 
160 259 
160 329 
160 539 
160 633 
160 897 
161 55 
161 177 
161 279 
161 565 
161 872 
161 988 
162 186 
162 244 
162 357 
162 500 
162 589 
162 597 
163 373 
163 375 
163 703 
163 858 
163 943 
163 952 
164 115 
164 195 
164 653 
164 693 
164 812 
164 874 
165 589 
165 682 
165 695 
165 794 
165 874 
165 944 
166 109 
166 153 
166 217 
166 760 
166 979 
166 1001 
167 313 
167 338 
167 643 
167 726 
167 839 
167 994 
168 211 
168 577 
168 741 
168 753 
168 767 
168 854 
169 123 
169 363 
169 401 
169 671 
169 782 
169 1013 
170 67 
170 633 
170 805 
170 927 
170 928 
170 971 
171 43 
171 239 
171 646 
171 667 
171 714 
171 868 
171 919 
172 89 
172 141 
172 165 
172 644 
172 649 
172 849 
173 138 
173 143 
173 153 
173 317 
173 601 
173 892 
174 132 
174 313 
174 365 
174 402 
174 718 
174 856 
175 22 
175 203 
175 283 
175 321 
175 772 
175 812 
176 139 
176 193 
176 228 
176 451 
176 580 
176 996 
177 99 
177 221 
177 271 
177 318 
177 593 
177 705 
178 74 
178 162 
178 247 
178 248 
178 266 
178 658 
179 287 
179 312 
179 557 
179 791 
179 849 
179 990 
179 1004 
180 75 
180 196 
180 261 
180 269 
180 828 
180 900 
181 118 
181 489 
181 537 
181 570 
181 622 
181 728 
182 89 
182 355 
182 523 
182 688 
182 703 
182 936 
183 211 
183 233 
183 539 
183 719 
183 801 
183 959 
184 31 
184 158 
184 198 
184 437 
184 689 
184 758 
185 234 
185 506 
185 740 
185 903 
185 928 
185 976 
186 166 
186 268 
186 371 
186 743 
186 776 
186 852 
187 8 
187 93 
187 295 
187 394 
187 632 
187 1003 
188 103 
188 269 
188 330 
188 534 
188 811 
188 843 
189 209 
189 451 
189 504 
189 623 
189 762 
189 957 
190 152 
190 546 
190 567 
190 597 
190 603 
190 972 
191 23 
191 305 
191 475 
191 729 
191 896 
191 974 
192 82 
192 86 
192 167 
192 214 
192 480 
192 691 
193 20 
193 98 
193 206 
193 787 
193 867 
193 978 
194 345 
194 521 
194 694 
194 787 
194 818 
194 919 
195 16 
195 138 
195 151 
195 254 
195 471 
195 722 
196 11 
196 141 
196 397 
196 433 
196 848 
196 867 
197 189 
197 297 
197 681 
197 689 
197 832 
197 838 
198 71 
198 629 
198 654 
198 698 
198 951 
198 993 
199 22 
199 403 
199 431 
199 482 
199 498 
199 857 
200 40 
200 201 
200 678 
200 794 
200 991 
201 160 
201 304 
201 520 
201 903 
201 907 
201 1012 
202 454 
202 549 
202 648 
202 719 
202 750 
202 782 
203 259 
203 449 
203 642 
203 678 
203 785 
203 1021 
204 25 
204 291 
204 314 
204 392 
204 587 
204 822 
205 49 
205 236 
205 423 
205 455 
205 572 
205 697 
206 63 
206 93 
206 315 
206 390 
206 398 
206 715 
207 148 
207 453 
207 546 
207 650 
207 816 
207 1007 
208 50 
208 477 
208 647 
208 795 
208 819 
208 956 
209 100 
209 159 
209 176 
209 550 
209 657 
209 685 
210 81 
210 303 
210 410 
210 483 
210 685 
210 852 
210 1023 
211 81 
211 116 
211 242 
211 336 
211 365 
211 654 
212 184 
212 279 
212 334 
212 477 
212 545 
212 732 
213 203 
213 253 
213 299 
213 300 
213 793 
213 806 
214 109 
214 145 
214 184 
214 221 
214 536 
214 684 
215 5 
215 45 
215 167 
215 233 
215 623 
215 968 
216 155 
216 394 
216 490 
216 733 
216 818 
216 1001 
217 207 
217 318 
217 502 
217 509 
217 605 
217 764 
218 238 
218 301 
218 308 
218 310 
218 502 
218 876 
219 149 
219 170 
219 277 
219 290 
219 441 
219 588 
219 606 
220 14 
220 386 
220 579 
220 693 
220 971 
220 1007 
221 113 
221 230 
221 424 
221 771 
221 773 
221 783 
222 2 
222 509 
222 660 
222 796 
222 874 
222 963 
223 20 
223 85 
223 800 
223 878 
223 899 
223 914 
224 75 
224 114 
224 125 
224 549 
224 586 
224 596 
225 244 
225 467 
225 625 
225 677 
225 686 
225 951 
226 142 
226 254 
226 296 
226 458 
226 617 
226 679 
227 260 
227 433 
227 598 
227 640 
227 680 
227 922 
228 88 
228 218 
228 233 
228 341 
228 380 
228 834 
229 153 
229 167 
229 424 
229 535 
229 591 
229 866 
230 24 
230 122 
230 246 
230 255 
230 454 
230 877 
231 90 
231 313 
231 339 
231 430 
231 888 
231 975 
232 210 
232 220 
232 611 
232 640 
232 869 
232 949 
233 65 
233 168 
233 407 
233 488 
233 656 
233 912 
234 54 
234 104 
234 377 
234 621 
234 801 
234 917 
235 137 
235 383 
235 459 
235 467 
235 559 
235 731 
235 909 
236 188 
236 280 
236 315 
236 675 
236 950 
236 985 
237 349 
237 428 
237 511 
237 562 
237 934 
237 969 
238 92 
238 258 
238 535 
238 802 
238 863 
239 78 
239 110 
239 149 
239 608 
239 742 
239 1006 
240 281 
240 390 
240 624 
240 768 
240 851 
240 999 
241 327 
241 759 
241 890 
241 906 
241 939 
241 969 
242 164 
242 540 
242 592 
242 728 
242 739 
242 755 
243 8 
243 125 
243 226 
243 270 
243 1014 
243 1019 
244 275 
244 608 
244 689 
244 739 
244 893 
244 900 
245 272 
245 292 
245 492 
245 561 
245 812 
245 886 
246 185 
246 217 
246 578 
246 699 
246 850 
246 941 
247 271 
247 363 
247 495 
247 776 
247 877 
247 999 
248 671 
248 677 
248 690 
248 863 
248 880 
248 988 
249 299 
249 478 
249 545 
249 579 
249 686 
249 762 
250 39 
250 168 
250 405 
250 721 
250 796 
250 854 
250 1004 
251 57 
251 246 
251 414 
251 482 
251 499 
251 915 
252 117 
252 119 
252 127 
252 437 
252 933 
252 981 
253 103 
253 251 
253 439 
253 564 
253 751 
253 857 
254 49 
254 243 
254 387 
254 662 
254 800 
254 1000 
255 4 
255 199 
255 402 
255 494 
255 510 
255 866 
256 88 
256 396 
256 538 
256 541 
256 569 
256 701 
257 63 
257 274 
257 351 
257 497 
257 517 
257 610 
258 93 
258 214 
258 396 
258 423 
258 749 
258 858 
259 116 
259 131 
259 720 
259 736 
259 806 
259 850 
260 56 
260 212 
260 328 
260 599 
260 601 
260 924 
261 17 
261 379 
261 448 
261 494 
261 567 
261 927 
262 34 
262 76 
262 519 
262 524 
262 559 
262 1002 
263 14 
263 52 
263 72 
263 91 
263 135 
263 534 
264 38 
264 96 
264 161 
264 332 
264 531 
264 840 
265 72 
265 281 
265 382 
265 647 
265 769 
265 839 
266 16 
266 25 
266 28 
266 337 
266 620 
266 825 
267 432 
267 531 
267 553 
267 691 
267 699 
267 925 
268 375 
268 450 
268 696 
268 766 
268 828 
268 1011 
269 6 
269 40 
269 220 
269 237 
269 581 
269 890 
270 136 
270 340 
270 536 
270 635 
270 720 
270 1007 
271 325 
271 342 
271 399 
271 458 
271 622 
271 732 
272 139 
272 512 
272 522 
272 616 
272 748 
272 986 
273 194 
273 393 
273 403 
273 457 
273 970 
273 1018 
274 338 
274 382 
274 422 
274 510 
274 649 
274 843 
275 164 
275 309 
275 513 
275 618 
275 800 
275 823 
276 58 
276 82 
276 151 
276 542 
276 908 
276 953 
277 234 
277 257 
277 311 
277 725 
277 872 
277 902 
278 50 
278 613 
278 713 
278 840 
278 881 
278 904 
279 25 
279 138 
279 227 
279 326 
279 419 
279 918 
279 953 
280 462 
280 598 
280 720 
280 780 
280 820 
280 961 
281 37 
281 48 
281 106 
281 425 
281 697 
281 808 
282 156 
282 633 
282 915 
282 921 
282 936 
282 947 
283 667 
283 682 
283 694 
283 718 
283 876 
284 37 
284 45 
284 115 
284 310 
284 586 
284 972 
285 231 
285 323 
285 447 
285 476 
285 803 
285 891 
286 59 
286 613 
286 650 
286 727 
286 905 
286 995 
287 156 
287 285 
287 317 
287 670 
287 768 
287 1013 
288 207 
288 374 
288 451 
288 547 
288 792 
288 920 
289 43 
289 177 
289 498 
289 659 
289 676 
289 958 
290 204 
290 300 
290 558 
290 643 
290 677 
290 695 
291 641 
291 770 
291 786 
291 881 
291 984 
291 1011 
292 136 
292 468 
292 555 
292 672 
292 957 
292 967 
293 322 
293 432 
293 603 
293 803 
293 948 
293 998 
294 309 
294 343 
294 634 
294 769 
294 882 
294 884 
295 29 
295 353 
295 431 
295 522 
295 542 
295 683 
296 161 
296 294 
296 327 
296 405 
296 652 
296 964 
297 76 
297 325 
297 387 
297 551 
297 828 
297 916 
298 105 
298 291 
298 506 
298 534 
298 600 
298 854 
299 191 
299 360 
299 583 
299 679 
299 907 
299 949 
300 66 
300 128 
300 170 
300 223 
300 395 
300 514 
300 761 
301 52 
301 445 
301 595 
301 767 
301 830 
301 1002 
302 354 
302 374 
302 391 
302 492 
302 505 
302 1020 
303 289 
303 377 
303 533 
303 685 
303 821 
303 991 
304 131 
304 523 
304 614 
304 783 
304 789 
304 811 
305 206 
305 743 
305 774 
305 790 
305 814 
305 901 
306 24 
306 219 
306 455 
306 700 
306 777 
306 983 
307 358 
307 581 
307 663 
307 687 
307 753 
307 819 
308 64 
308 68 
308 230 
308 400 
308 906 
308 1014 
309 15 
309 403 
309 418 
309 517 
309 605 
309 1004 
310 79 
310 265 
310 427 
310 446 
310 543 
310 880 
311 540 
311 550 
311 556 
311 712 
311 880 
311 980 
312 121 
312 183 
312 426 
312 648 
312 844 
312 892 
313 289 
313 290 
313 434 
313 824 
313 928 
313 935 
314 97 
314 122 
314 236 
314 420 
314 770 
314 824 
315 102 
315 571 
315 716 
315 768 
315 809 
315 896 
316 197 
316 200 
316 477 
316 850 
316 889 
316 923 
317 147 
317 266 
317 330 
317 370 
317 410 
317 716 
318 16 
318 160 
318 163 
318 192 
318 415 
318 618 
319 107 
319 113 
319 159 
319 367 
319 760 
319 836 
320 204 
320 254 
320 287 
320 658 
320 948 
320 1009 
321 86 
321 219 
321 498 
321 617 
321 758 
321 929 
322 53 
322 84 
322 90 
322 288 
322 305 
322 726 
323 27 
323 213 
323 308 
323 508 
323 665 
323 959 
324 271 
324 301 
324 407 
324 509 
324 668 
324 760 
325 331 
325 394 
325 520 
325 738 
325 939 
326 53 
326 72 
326 580 
326 755 
326 774 
326 873 
327 144 
327 436 
327 438 
327 521 
327 527 
327 977 
328 121 
328 128 
328 366 
328 527 
328 746 
328 789 
329 17 
329 161 
329 193 
329 240 
329 344 
329 898 
330 112 
330 323 
330 530 
330 674 
330 863 
330 943 
331 42 
331 305 
331 642 
331 759 
331 777 
331 945 
332 372 
332 406 
332 490 
332 561 
332 860 
332 891 
333 273 
333 399 
333 452 
333 601 
333 891 
333 980 
334 283 
334 343 
334 395 
334 543 
334 699 
334 723 
335 3 
335 341 
335 578 
335 748 
335 903 
336 199 
336 471 
336 660 
336 750 
336 798 
336 802 
337 371 
337 432 
337 560 
337 855 
337 971 
338 19 
338 58 
338 461 
338 602 
338 659 
338 913 
339 97 
339 208 
339 333 
339 415 
339 786 
339 1017 
340 44 
340 134 
340 381 
340 864 
340 879 
340 997 
341 124 
341 154 
341 388 
341 598 
341 666 
341 761 
342 210 
342 522 
342 587 
342 772 
342 823 
342 870 
343 35 
343 213 
343 615 
343 791 
343 922 
343 993 
344 228 
344 321 
344 340 
344 358 
344 558 
344 634 
345 84 
345 123 
345 318 
345 518 
345 715 
345 798 
345 968 
346 68 
346 402 
346 414 
346 819 
346 904 
346 977 
347 211 
347 379 
347 393 
347 600 
347 986 
347 1001 
348 9 
348 26 
348 145 
348 285 
348 449 
348 745 
349 90 
349 249 
349 531 
349 573 
349 776 
349 855 
350 455 
350 483 
350 716 
350 746 
350 829 
350 833 
351 18 
351 28 
351 126 
351 360 
351 615 
352 118 
352 419 
352 672 
352 861 
352 913 
352 982 
353 135 
353 297 
353 311 
353 517 
353 822 
353 1024 
354 33 
354 142 
354 379 
354 614 
354 675 
354 846 
355 105 
355 109 
355 266 
355 394 
355 417 
355 639 
356 36 
356 94 
356 602 
356 622 
356 842 
356 960 
357 4 
357 189 
357 292 
357 427 
357 790 
358 476 
358 560 
358 664 
358 788 
358 960 
358 1006 
359 168 
359 404 
359 512 
359 584 
359 894 
359 901 
360 36 
360 122 
360 241 
360 440 
360 617 
360 878 
360 1011 
361 156 
361 216 
361 306 
361 312 
361 867 
361 914 
362 277 
362 295 
362 640 
362 705 
362 784 
362 881 
363 400 
363 427 
363 528 
363 619 
363 829 
363 882 
364 70 
364 127 
364 133 
364 249 
364 609 
364 877 
365 108 
365 173 
365 252 
365 268 
365 316 
365 431 
365 590 
366 175 
366 250 
366 384 
366 470 
366 761 
366 932 
367 41 
367 191 
367 293 
367 417 
367 424 
367 448 
367 552 
368 1 
368 181 
368 207 
368 367 
368 841 
368 1024 
369 257 
369 324 
369 368 
369 442 
369 692 
369 792 
370 42 
370 346 
370 632 
370 710 
370 788 
371 31 
371 235 
371 255 
371 443 
371 516 
371 770 
371 784 
372 114 
372 247 
372 599 
372 875 
372 938 
372 975 
373 61 
373 106 
373 108 
373 181 
373 331 
373 998 
374 563 
374 571 
374 573 
374 591 
374 682 
374 1019 
375 252 
375 491 
375 530 
375 594 
375 652 
375 973 
376 7 
376 157 
376 695 
376 825 
376 835 
376 960 
377 52 
377 166 
377 306 
377 360 
377 674 
377 984 
378 173 
378 212 
378 503 
378 604 
378 698 
378 953 
379 23 
379 263 
379 314 
379 418 
379 711 
379 843 
380 108 
380 190 
380 384 
380 444 
380 657 
380 708 
381 174 
381 446 
381 475 
381 500 
381 554 
381 733 
382 12 
382 258 
382 717 
382 780 
382 838 
382 888 
383 197 
383 469 
383 473 
383 589 
383 649 
383 756 
384 74 
384 481 
384 537 
384 623 
384 938 
384 1020 
385 410 
385 571 
385 588 
385 612 
385 787 
385 1009 
386 133 
386 139 
386 369 
386 453 
386 576 
386 964 
387 98 
387 222 
387 452 
387 537 
387 619 
387 993 
388 58 
388 134 
388 450 
388 473 
388 607 
388 706 
388 952 
389 176 
389 228 
389 267 
389 499 
389 983 
390 235 
390 327 
390 359 
390 365 
390 484 
390 836 
391 41 
391 77 
391 116 
391 289 
391 378 
391 591 
391 879 
392 48 
392 217 
392 278 
392 356 
392 543 
392 942 
393 111 
393 165 
393 174 
393 243 
393 483 
393 860 
394 44 
394 247 
394 778 
394 859 
394 905 
394 930 
395 140 
395 294 
395 344 
395 785 
395 917 
395 1012 
396 321 
396 497 
396 553 
396 924 
396 996 
396 999 
397 27 
397 28 
397 237 
397 339 
397 440 
397 612 
398 123 
398 636 
398 661 
398 731 
398 753 
398 898 
399 2 
399 106 
399 378 
399 416 
399 856 
399 901 
400 19 
400 218 
400 362 
400 765 
400 804 
400 832 
401 200 
401 386 
401 401 
401 771 
401 799 
401 961 
402 232 
402 480 
402 564 
402 712 
402 752 
402 830 
403 13 
403 369 
403 387 
403 742 
403 774 
403 954 
404 308 
404 367 
404 443 
404 478 
404 653 
404 914 
405 220 
405 445 
405 503 
405 527 
405 737 
405 942 
406 401 
406 425 
406 851 
406 864 
406 897 
406 1015 
407 69 
407 94 
407 381 
407 395 
407 547 
407 734 
408 71 
408 251 
408 256 
408 415 
408 759 
408 982 
409 8 
409 38 
409 61 
409 235 
409 303 
409 442 
410 9 
410 79 
410 346 
410 599 
410 845 
410 966 
411 47 
411 126 
411 426 
411 464 
411 674 
411 848 
412 87 
412 282 
412 518 
412 559 
412 651 
412 739 
413 99 
413 151 
413 204 
413 261 
413 528 
413 981 
414 183 
414 206 
414 348 
414 400 
414 489 
414 533 
415 42 
415 185 
415 187 
415 195 
415 734 
415 853 
416 81 
416 157 
416 163 
416 286 
416 359 
416 945 
417 428 
417 463 
417 852 
417 950 
417 968 
417 978 
418 32 
418 182 
418 348 
418 354 
418 546 
418 565 
419 34 
419 61 
419 124 
419 578 
419 630 
419 714 
420 102 
420 132 
420 250 
420 468 
420 635 
420 998 
421 146 
421 619 
421 762 
421 838 
421 974 
421 1022 
422 172 
422 282 
422 490 
422 582 
422 620 
422 866 
423 214 
423 215 
423 337 
423 516 
423 938 
423 994 
424 145 
424 320 
424 479 
424 532 
424 752 
424 1008 
425 87 
425 162 
425 263 
425 491 
425 724 
425 962 
426 284 
426 412 
426 493 
426 515 
426 631 
426 883 
426 943 
427 11 
427 239 
427 595 
427 657 
427 728 
427 807 
428 346 
428 521 
428 606 
428 609 
428 786 
428 962 
429 68 
429 111 
429 143 
429 433 
429 722 
429 871 
430 231 
430 479 
430 525 
430 580 
430 632 
430 738 
430 817 
431 43 
431 77 
431 240 
431 242 
431 775 
431 910 
432 260 
432 348 
432 536 
432 946 
432 1010 
433 164 
433 171 
433 339 
433 579 
433 660 
433 729 
434 249 
434 278 
434 448 
434 488 
434 627 
434 804 
435 5 
435 24 
435 178 
435 355 
435 638 
435 1002 
436 439 
436 465 
436 548 
436 557 
436 977 
436 980 
437 77 
437 154 
437 372 
437 525 
437 684 
437 837 
438 65 
438 87 
438 113 
438 684 
438 931 
438 985 
439 1 
439 46 
439 618 
439 733 
439 782 
439 795 
440 137 
440 229 
440 295 
440 347 
440 491 
440 814 
441 54 
441 182 
441 510 
441 664 
441 795 
441 988 
442 116 
442 279 
442 299 
442 532 
442 542 
442 834 
443 6 
443 396 
443 620 
443 766 
443 910 
443 975 
444 10 
444 21 
444 218 
444 541 
444 630 
444 780 
444 950 
445 85 
445 146 
445 262 
445 944 
445 967 
445 1015 
446 3 
446 71 
446 369 
446 469 
446 486 
446 508 
447 98 
447 147 
447 157 
447 229 
447 729 
447 969 
448 104 
448 276 
448 575 
448 645 
448 758 
448 793 
449 56 
449 100 
449 809 
449 939 
449 982 
450 29 
450 326 
450 391 
450 447 
450 485 
450 1015 
451 188 
451 202 
451 436 
451 465 
451 887 
452 12 
452 118 
452 609 
452 937 
452 972 
452 1010 
453 196 
453 417 
453 495 
453 594 
453 683 
453 855 
454 42 
454 404 
454 628 
454 714 
454 1018 
455 286 
455 442 
455 562 
455 661 
455 741 
455 1021 
456 85 
456 469 
456 585 
456 626 
456 815 
456 925 
457 78 
457 195 
457 202 
457 374 
457 597 
458 64 
458 276 
458 570 
458 594 
458 754 
458 909 
459 70 
459 342 
459 616 
459 833 
459 884 
459 892 
460 155 
460 270 
460 389 
460 544 
460 583 
460 899 
461 219 
461 259 
461 368 
461 429 
461 504 
461 811 
462 13 
462 184 
462 472 
462 486 
462 574 
462 680 
463 202 
463 661 
463 690 
463 803 
463 864 
463 966 
464 330 
464 555 
464 627 
464 885 
464 894 
464 920 
465 460 
465 472 
465 611 
465 735 
465 766 
465 792 
466 264 
466 397 
466 459 
466 612 
466 913 
466 947 
467 115 
467 158 
467 335 
467 336 
467 449 
467 461 
468 329 
468 385 
468 513 
468 724 
468 808 
468 868 
469 83 
469 212 
469 344 
469 723 
469 779 
469 839 
470 319 
470 322 
470 519 
470 706 
470 779 
470 801 
471 230 
471 246 
471 371 
471 725 
471 827 
471 836 
472 76 
472 130 
472 385 
472 418 
472 538 
472 632 
472 669 
473 14 
473 20 
473 102 
473 216 
473 650 
473 911 
474 36 
474 119 
474 505 
474 512 
474 668 
474 976 
475 51 
475 152 
475 163 
475 238 
475 616 
475 837 
475 992 
476 182 
476 584 
476 626 
476 663 
476 735 
477 324 
477 352 
477 385 
477 544 
477 655 
477 672 
478 55 
478 178 
478 441 
478 460 
478 721 
478 825 
479 357 
479 413 
479 515 
479 582 
479 788 
479 799 
480 198 
480 359 
480 416 
480 430 
480 967 
481 78 
481 351 
481 389 
481 463 
481 470 
481 511 
482 111 
482 129 
482 209 
482 582 
482 676 
482 1005 
483 159 
483 232 
483 378 
483 481 
483 596 
483 634 
484 336 
484 366 
484 409 
484 541 
484 686 
485 146 
485 244 
485 328 
485 526 
485 566 
485 665 
486 188 
486 302 
486 499 
486 529 
486 802 
486 816 
487 94 
487 243 
487 261 
487 405 
487 406 
487 757 
487 847 
488 45 
488 189 
488 296 
488 350 
488 793 
488 835 
489 112 
489 268 
489 610 
489 700 
489 744 
489 865 
489 991 
490 66 
490 135 
490 273 
490 408 
490 727 
490 941 
491 80 
491 179 
491 274 
491 362 
491 930 
491 955 
492 3 
492 422 
492 603 
492 667 
492 731 
492 810 
493 421 
493 501 
493 544 
493 576 
493 804 
493 957 
494 91 
494 231 
494 345 
494 549 
494 587 
494 666 
495 103 
495 166 
495 186 
495 187 
495 990 
496 209 
496 651 
496 871 
496 956 
496 965 
496 1013 
497 127 
497 466 
497 471 
497 569 
497 600 
497 1016 
498 241 
498 297 
498 813 
498 868 
498 899 
498 921 
499 23 
499 117 
499 380 
499 421 
499 853 
499 882 
500 64 
500 97 
500 125 
500 460 
500 604 
500 745 
501 30 
501 107 
501 290 
501 383 
501 513 
501 563 
502 83 
502 625 
502 663 
502 665 
502 841 
502 917 
503 148 
503 215 
503 353 
503 361 
503 479 
503 974 
504 44 
504 316 
504 366 
504 584 
504 656 
504 837 
505 186 
505 426 
505 438 
505 572 
505 997 
505 1023 
506 434 
506 508 
506 538 
506 844 
506 896 
506 902 
507 13 
507 307 
507 629 
507 647 
507 730 
507 973 
507 1022 
508 154 
508 205 
508 284 
508 392 
508 474 
508 948 
509 315 
509 511 
509 654 
509 678 
509 742 
509 744 
510 248 
510 473 
510 830 
510 833 
510 936 
510 964 
511 10 
511 131 
511 390 
511 547 
511 764 
511 992 
512 180 
512 461 
512 741 
512 909 
512 933 
512 995 
